Input 1, 1, 1;
Input 1, 3, 1;
Input 1, 5, 1;
Input 1, 7, 1;
Input 1, 9, 1;
Input 1, 11, 1;
Input 1, 1, 3;
Input 1, 1, 5;
Input 1, 1, 7;
Input 1, 1, 9;
Input 1, 11, 3;
Input 1, 11, 5;
Input 1, 11, 7;
Input 1, 11, 9;
Input 1, 1, 11;
Input 1, 3, 11;
Input 1, 5, 11;
Input 1, 7, 11;
Input 1, 9, 11;
Input 1, 11, 11;

Merge 2, 1, 1, 3, 1;
Merge 3, 5, 1, 7, 1;
Merge 4, 9, 1, 11, 1;

Merge 5, 1, 3, 1, 5;
Merge 6, 1, 7, 1, 9;

Merge 7, 11, 3, 11, 5;
Merge 8, 11, 7, 11, 9;

Merge 9, 1, 11, 3, 11;
Merge 10, 5, 11, 7, 11;
Merge 11, 9, 11, 11, 11; 

Output 12, 2, 1;

Mix 13, 6, 1, 5, 1, 4, 1, 3, 1, 2, 1;
Mix 14, 10, 1, 9, 1, 8, 1, 7, 1, 6, 1;

Output 16, 2, 1;

Mix 15, 1, 4, 1, 3, 2, 3;
Mix 16, 1, 8, 1, 7, 1, 6, 2, 6, 3, 6, 3, 5, 3, 4, 4, 4, 4, 3;

Mix 17, 11, 4, 10, 4, 9, 4, 9, 3, 9, 2, 9, 3, 9, 4, 8, 4, 7, 4, 6, 4, 5, 4, 5, 5, 4, 5, 3, 5, 2, 5;
Mix 18, 11, 8, 11, 7, 10, 7, 9, 7, 8, 7, 7, 7, 6, 7, 5, 7, 4, 7, 4, 6, 4, 5;

Mix 19, 2, 11, 3, 11, 4, 11, 4, 10, 4, 9, 4, 8, 4, 7, 3, 7, 2, 7;
Mix 20, 6, 11, 7, 11, 7, 10, 7, 9, 7, 8, 7, 7, 6, 7, 5, 7, 4, 7;

Mix 21, 10, 11, 11, 11, 11, 10, 11, 9, 10, 9, 10, 8, 10, 7, 9, 7, 9, 6, 8, 6, 7, 6, 6, 6, 6, 7;

Mix 20, 2, 3, 2, 2, 2, 1;
Output 24, 2, 1;

Mix 20, 6, 1, 5, 1, 4, 1, 3, 1, 2, 1;
Output 26, 2, 1;

Mix 25, 4, 3, 3, 3, 2, 3, 2, 2, 2, 1;
Output 29, 2, 1;

Mix 30, 2, 7, 2, 6, 2, 5, 3, 5, 4, 5, 4, 4, 4, 3, 3, 3, 2, 3, 2, 2, 2, 1;
Output 42, 2, 1;

Mix 36, 5, 5, 5, 4, 4, 4, 4, 3, 3, 3, 3, 2, 2, 2, 2, 1;
Output 44, 2, 1;

Mix 35, 4, 7, 3, 7, 2, 7, 2, 6, 2, 5, 2, 4, 2, 3, 3, 3, 3, 2, 2, 2, 2, 1;
Output 50, 2, 1;

Mix 38, 2, 5, 2, 4, 2, 3, 2, 2, 2, 1;
Output 42, 2, 1;

Mix 44, 6, 7, 6, 6, 6, 5, 6, 4, 6, 3, 6, 2, 6, 1, 5, 1, 4, 1, 3, 1, 2, 1;
Output 55, 2, 1;